4 1 457 127 Default
547 0 547 0 Default
569 0 971 264 Default
1 342 283 711 Default
557 544 957 713 Default
305 552 499 713 Default
562 403 568 493 Default
425 345 434 470 Default
444 401 508 471 Default
283 342 385 360 Default
301 373 356 497 Default
457 180 461 220 Default
0 264 48 291 Default
100 280 270 297 Default
318 291 365 295 Default
408 286 432 292 Default
428 269 433 288 Default
595 348 616 356 Default
610 347 618 373 Default
796 351 815 371 Default
813 383 831 407 Default
777 476 783 540 Default
764 517 783 522 Default
625 374 689 496 Default
695 374 810 462 Default
830 357 967 537 Default
429 525 492 530 Default
338 138 353 174 Default
186 136 261 257 Default
329 133 331 257 Default
362 526 362 526 Default
1033 324 1033 324 Default
1033 324 1033 324 Default
1033 324 1033 324 Default
1033 324 1033 324 Default
1033 324 1033 324 Default
1033 324 1033 324 Default
1033 324 1033 324 Default
1033 324 1033 324 Default
1033 324 1033 324 Default
1033 324 1033 324 Default
354 192 434 251 Default
0 177 127 215 Default
127 219 137 278 Default
651 302 653 302 Default
264 247 333 254 Default
0 211 2 262 Default
499 711 558 713 Default
953 264 957 351 Default
476 1 557 3 Default
372 139 449 143 Default
597 275 836 288 Default
904 274 921 283 Default
